100
9151 163110 6
886 56750 8
9481 668314 4
10 22322 2
34432 9999920 222
121 132 1
8892 186601 5
1056 45030 4
4766 385349 3
6673 645665 9
9523 81976 5
2035 587687 6
1002 914907 8
3725 832955 1
5579 763362 2
0 1000000000000000000 1
3376 156586 6
1033 109791 2
7597 115191 5
2851 217912 4
39 1000000 3
8984 321196 7
2789 205886 5
1000000000 1000000000000000000 1
9385 146808 1
2228 961000 6
9597 30751 2
852 514597 2
121 121 11
6311 744038 5
3491 376189 1
5759 165757 6
8145 485026 9
1516 476245 5
999 99999 78788
21345 4441283 13
2739 884729 5
9628 221919 9
9705 834597 8
1813 539974 3
2965 769993 4
0 1000000000000000000 1000000000
8324 696474 7
6916 519450 6
2791 674701 5
7243 39232 6
9325 343906 8
100000 1000000000000000000 3
8135 346033 4
3976 759716 7
400 793131 4
22322 22322 1
9352 507517 9
9929 160753 4
1925 194236 4
4945 279540 7
2519 171840 3
1329 665400 3
981 265444 4
6153 882984 8
4370 274443 1
7800 282033 2
1209 371972 7
9046 160519 7
8439 865622 9
1396 974496 5
3748 207521 4
7977 626769 9
1108 708286 6
3825 934105 6
5272 393026 2
6366 921028 2
701 837097 8
332 539995 7
2590 45700 5
3263 62970 1
573 319349 5
4017 755925 4
2433 588437 7
1712 931656 3
8129 512819 4
0 100 2
1363 123520 8
4153 196591 1
1616 875376 6
8989 909410 5
121 131 1
378 659223 5
7558 716225 8
5630 555906 6
646 753992 3
4401 792858 5
0 132 1
2871 611476 1
8621 305784 1
4131 988357 1
5649 246089 1
8429 327368 2
8764 690922 4
490 499674 1
