95
2519 171840 3
999 99999 78788
9325 343906 8
0 1000000000000000000 1000000000
4401 792858 5
10 22322 2
6916 519450 6
1108 708286 6
21345 4441283 13
6366 921028 2
7558 716225 8
5579 763362 2
3825 934105 6
8135 346033 4
4945 279540 7
2590 45700 5
5649 246089 1
701 837097 8
1396 974496 5
490 499674 1
9385 146808 1
3748 207521 4
1925 194236 4
121 121 11
2789 205886 5
646 753992 3
2791 674701 5
9523 81976 5
8145 485026 9
39 1000000 3
34432 9999920 222
1056 45030 4
8129 512819 4
8439 865622 9
3976 759716 7
1329 665400 3
332 539995 7
6153 882984 8
7597 115191 5
0 1000000000000000000 1
121 131 1
7800 282033 2
1000000000 1000000000000000000 1
1616 875376 6
1363 123520 8
9151 163110 6
22322 22322 1
100000 1000000000000000000 3
1002 914907 8
2035 587687 6
9628 221919 9
4017 755925 4
8892 186601 5
2965 769993 4
8324 696474 7
852 514597 2
378 659223 5
7977 626769 9
8429 327368 2
6311 744038 5
8984 321196 7
4131 988357 1
5630 555906 6
886 56750 8
1712 931656 3
8989 909410 5
3263 62970 1
8621 305784 1
2739 884729 5
5759 165757 6
1033 109791 2
2851 217912 4
7243 39232 6
1516 476245 5
6673 645665 9
4370 274443 1
0 100 2
2871 611476 1
2228 961000 6
1209 371972 7
9929 160753 4
121 132 1
400 793131 4
9597 30751 2
9352 507517 9
1813 539974 3
8764 690922 4
0 132 1
4766 385349 3
3376 156586 6
2433 588437 7
4153 196591 1
3725 832955 1
5272 393026 2
3491 376189 1
